{
  "schema_version": "1",
  "description": "NADOC inter-helix stiffness parameter database. Parameters extracted via 6-DOF Boltzmann inversion of GROMACS production trajectories at 310 K, 150 mM NaCl, CHARMM36. Indexed by crossover_type \u00d7 context.",
  "kT_kJ_mol": 2.5788,
  "temperature_K": 310,
  "force_field": "charmm36-feb2026_cgenff-5.0",
  "entries": [
    {
      "crossover_type": "0T",
      "design_source": "10hb.nadoc",
      "sim_ns": 304.2,
      "context": "2-2",
      "n_pairs": 6,
      "n_frames_total": 3624,
      "ess_min": 1233,
      "ess_per_dof": [
        1252.8127781801857,
        1257.9959310717818,
        1233.449232953644,
        1432.5956850561781,
        1363.4229386028824,
        1418.0068444990286
      ],
      "dof_names": [
        "q0_axial_sep_A",
        "q1_lateral1_A",
        "q2_lateral2_A",
        "q3_euler_alpha_rad",
        "q4_euler_beta_tilt_rad",
        "q5_euler_gamma_twist_rad"
      ],
      "equilibrium_geometry": {
        "center_to_center_dist_mean_A": 20.791843909978535,
        "center_to_center_dist_std_A": 1.9145243874562519,
        "lateral_sep_mean_A": 20.031225456266185,
        "lateral_sep_std_A": 2.167760046848284,
        "tilt_angle_mean_deg": 12.3403129168287,
        "tilt_angle_std_deg": 4.013122185868001
      },
      "K_diagonal": [
        0.06920907679765764,
        0.010008317890104762,
        0.011262806660115641,
        24.972661337540924,
        76.93104948650013,
        24.812304447238308
      ],
      "K_matrix": [
        [
          0.06920907679765764,
          -0.004621534127610564,
          -0.0016857074295365316,
          0.05719196471112223,
          -0.29252904224686044,
          0.01895646849160964
        ],
        [
          -0.004621534127610564,
          0.010008317890104762,
          -0.00020017257422580916,
          -0.009419132611243785,
          0.18008346057678795,
          -0.001990442781357277
        ],
        [
          -0.001685707429536532,
          -0.00020017257422580916,
          0.011262806660115641,
          -0.029341106454019827,
          0.07145168439805004,
          -0.015660597960713975
        ],
        [
          0.057191964711122166,
          -0.009419132611243787,
          -0.029341106454019772,
          24.972661337540924,
          -3.991006988149677,
          24.422192644918105
        ],
        [
          -0.29252904224686044,
          0.18008346057678795,
          0.07145168439805004,
          -3.991006988149676,
          76.93104948650013,
          -4.140033348337472
        ],
        [
          0.0189564684916097,
          -0.001990442781357284,
          -0.015660597960713986,
          24.422192644918105,
          -4.140033348337472,
          24.812304447238308
        ]
      ],
      "cov_matrix": [
        [
          39.66682538671852,
          15.262283282592687,
          3.6640893896439644,
          -1.4694172180240106,
          0.1128789544658896,
          1.4383803283105903
        ],
        [
          15.262283282592687,
          277.3036686912982,
          13.237399183833206,
          1.8365002737245852,
          -0.6098445443737069,
          -1.890440956340869
        ],
        [
          3.6640893896439644,
          13.237399183833206,
          235.69753982522752,
          3.48836737204823,
          -0.23395867983994734,
          -3.325532394075821
        ],
        [
          -1.4694172180240106,
          1.8365002737245852,
          3.48836737204823,
          2.8884105893629664,
          -0.016236630547600522,
          -2.842234983214736
        ],
        [
          0.1128789544658896,
          -0.6098445443737069,
          -0.23395867983994734,
          -0.016236630547600522,
          0.03592001968990602,
          0.021691923853035262
        ],
        [
          1.4383803283105903,
          -1.890440956340869,
          -3.325532394075821,
          -2.842234983214736,
          0.021691923853035262,
          2.90175007692984
        ]
      ],
      "notes": "6-DOF Boltzmann inversion of inter-helix covariance. q0=axial[\u00c5], q1=lateral1[\u00c5], q2=lateral2[\u00c5], q3=Euler_alpha[rad], q4=tilt_beta[rad], q5=Euler_gamma[rad]. K units: kJ/mol/\u00c5\u00b2 for q0-q2, kJ/mol/rad\u00b2 for q3-q5. WARNING: Euler \u03b1 (q3) and \u03b3 (q5) K values are large/unreliable due to gimbal lock (tilt \u03b2 \u2248 0). Reliable DOFs: q0 (axial), q1-q2 (lateral), q4 (tilt). Equilibrium geometry averaged from individual-pair values (pooled q_mean is not meaningful due to sign cancellation across pairs)."
    },
    {
      "crossover_type": "0T",
      "design_source": "10hb.nadoc",
      "sim_ns": 304.2,
      "context": "2-3",
      "n_pairs": 4,
      "n_frames_total": 2416,
      "ess_min": 824,
      "ess_per_dof": [
        841.5891056928124,
        824.3580277488785,
        869.2363801799856,
        965.7283774533306,
        866.8247968983286,
        965.6127103141873
      ],
      "dof_names": [
        "q0_axial_sep_A",
        "q1_lateral1_A",
        "q2_lateral2_A",
        "q3_euler_alpha_rad",
        "q4_euler_beta_tilt_rad",
        "q5_euler_gamma_twist_rad"
      ],
      "equilibrium_geometry": {
        "center_to_center_dist_mean_A": 21.089638268052806,
        "center_to_center_dist_std_A": 3.4545313349490114,
        "lateral_sep_mean_A": 20.69235264490692,
        "lateral_sep_std_A": 3.4902719549775876,
        "tilt_angle_mean_deg": 9.739114093868041,
        "tilt_angle_std_deg": 2.2524762544778176
      },
      "K_diagonal": [
        0.22657095684536008,
        0.03012752046316249,
        0.0847937039417809,
        156.60718424755245,
        215.47733349113025,
        155.64915031257544
      ],
      "K_matrix": [
        [
          0.22657095684536008,
          0.03985167760735383,
          -0.04829299759382953,
          0.13130563537670598,
          -0.6953063497292823,
          0.043317667663619025
        ],
        [
          0.039851677607353815,
          0.03012752046316249,
          -0.009136739679733675,
          -0.03236691141592399,
          -0.4375171324116591,
          0.012913899746264423
        ],
        [
          -0.04829299759382953,
          -0.009136739679733667,
          0.0847937039417809,
          -0.05291804712141714,
          -2.208906131709616,
          -0.11830247883644758
        ],
        [
          0.13130563537670703,
          -0.0323669114159232,
          -0.052918047121417414,
          156.60718424755245,
          3.892087416639565,
          155.43247579958447
        ],
        [
          -0.695306349729283,
          -0.4375171324116596,
          -2.2089061317096155,
          3.8920874166395887,
          215.47733349113025,
          6.845184305033596
        ],
        [
          0.043317667663619865,
          0.01291389974626641,
          -0.11830247883644758,
          155.43247579958447,
          6.845184305033573,
          155.64915031257544
        ]
      ],
      "cov_matrix": [
        [
          19.856033753377293,
          -23.90216684531565,
          13.833235055089956,
          -2.420179511492301,
          0.12423791809433282,
          2.418317865919589
        ],
        [
          -23.90216684531565,
          132.64968804706234,
          4.1875211525794915,
          6.3137936558370225,
          0.32187615951357285,
          -6.320330845331193
        ],
        [
          13.833235055089956,
          4.1875211525794915,
          55.938740352110074,
          -2.0975425700096477,
          0.5975440410651239,
          2.1066631327002456
        ],
        [
          -2.420179511492301,
          6.3137936558370225,
          -2.0975425700096477,
          2.343769216589564,
          0.015593186908403837,
          -2.342636841867949
        ],
        [
          0.12423791809433282,
          0.32187615951357285,
          0.5975440410651239,
          0.015593186908403837,
          0.019375455289423832,
          -0.016030692337530076
        ],
        [
          2.418317865919589,
          -6.320330845331193,
          2.1066631327002456,
          -2.342636841867949,
          -0.016030692337530076,
          2.3581013082134326
        ]
      ],
      "notes": "6-DOF Boltzmann inversion of inter-helix covariance. q0=axial[\u00c5], q1=lateral1[\u00c5], q2=lateral2[\u00c5], q3=Euler_alpha[rad], q4=tilt_beta[rad], q5=Euler_gamma[rad]. K units: kJ/mol/\u00c5\u00b2 for q0-q2, kJ/mol/rad\u00b2 for q3-q5. WARNING: Euler \u03b1 (q3) and \u03b3 (q5) K values are large/unreliable due to gimbal lock (tilt \u03b2 \u2248 0). Reliable DOFs: q0 (axial), q1-q2 (lateral), q4 (tilt). Equilibrium geometry averaged from individual-pair values (pooled q_mean is not meaningful due to sign cancellation across pairs)."
    },
    {
      "crossover_type": "0T",
      "design_source": "10hb.nadoc",
      "sim_ns": 304.2,
      "context": "3-3",
      "n_pairs": 1,
      "n_frames_total": 604,
      "ess_min": 208,
      "ess_per_dof": [
        210.48302370102496,
        208.376603745627,
        216.40318066869082,
        256.6007623880749,
        217.14132977280127,
        256.26416394835746
      ],
      "dof_names": [
        "q0_axial_sep_A",
        "q1_lateral1_A",
        "q2_lateral2_A",
        "q3_euler_alpha_rad",
        "q4_euler_beta_tilt_rad",
        "q5_euler_gamma_twist_rad"
      ],
      "equilibrium_geometry": {
        "center_to_center_dist_mean_A": 24.027167618127528,
        "center_to_center_dist_std_A": 0.0,
        "lateral_sep_mean_A": 23.352746012099775,
        "lateral_sep_std_A": 0.0,
        "tilt_angle_mean_deg": 6.80158767004624,
        "tilt_angle_std_deg": 0.0
      },
      "K_diagonal": [
        0.5006593506570596,
        0.48227348995752534,
        0.4374867582236512,
        32961.58824642846,
        985.0701226273877,
        32883.553298886996
      ],
      "K_matrix": [
        [
          0.5006593506570596,
          0.21329918937100517,
          0.2032879538943736,
          18.036899651023983,
          1.6911555771276505,
          18.122454169929043
        ],
        [
          0.2132991893710054,
          0.48227348995752534,
          0.18028581528651197,
          -36.06324283381693,
          -15.12946383110705,
          -36.298518843489376
        ],
        [
          0.20328795389437468,
          0.1802858152865117,
          0.4374867582236512,
          -28.5989457341761,
          -5.894119522996015,
          -28.67245932320473
        ],
        [
          18.036899651023738,
          -36.06324283381552,
          -28.598945734175746,
          32961.58824642846,
          2466.530640197204,
          32921.90345120099
        ],
        [
          1.691155577127608,
          -15.129463831107042,
          -5.8941195229960135,
          2466.530640197229,
          985.0701226273877,
          2471.3421919093817
        ],
        [
          18.12245416992773,
          -36.298518843488644,
          -28.672459323204386,
          32921.90345120099,
          2471.3421919093566,
          32883.553298886996
        ]
      ],
      "cov_matrix": [
        [
          16.86750465326018,
          -16.265625098573846,
          -6.39518353188241,
          3.926328093258789,
          -0.25142702616517054,
          -3.9448381787046736
        ],
        [
          -16.265625098573846,
          27.834568573860622,
          3.6371422208036863,
          -5.219796638927878,
          0.405315836647177,
          5.238283641598232
        ],
        [
          -6.39518353188241,
          3.6371422208036863,
          9.549355556562077,
          -1.5751998651833294,
          0.08857254187201495,
          1.586246083222532
        ],
        [
          3.926328093258789,
          -5.219796638927878,
          -1.5751998651833294,
          3.2265396865455798,
          -0.05891319555803356,
          -3.2351742176635074
        ],
        [
          -0.25142702616517054,
          0.405315836647177,
          0.08857254187201495,
          -0.05891319555803356,
          0.009465344700166719,
          0.05893374249209405
        ],
        [
          -3.9448381787046736,
          5.238283641598232,
          1.586246083222532,
          -3.2351742176635074,
          0.05893374249209405,
          3.2439359363231164
        ]
      ],
      "notes": "6-DOF Boltzmann inversion of inter-helix covariance. q0=axial[\u00c5], q1=lateral1[\u00c5], q2=lateral2[\u00c5], q3=Euler_alpha[rad], q4=tilt_beta[rad], q5=Euler_gamma[rad]. K units: kJ/mol/\u00c5\u00b2 for q0-q2, kJ/mol/rad\u00b2 for q3-q5. WARNING: Euler \u03b1 (q3) and \u03b3 (q5) K values are large/unreliable due to gimbal lock (tilt \u03b2 \u2248 0). Reliable DOFs: q0 (axial), q1-q2 (lateral), q4 (tilt). Equilibrium geometry averaged from individual-pair values (pooled q_mean is not meaningful due to sign cancellation across pairs)."
    }
  ]
}